[gd_scene load_steps=13 format=3 uid="uid://bn2j6r1qp6aap"]

[ext_resource type="PackedScene" uid="uid://i0h7p1oe8qwu" path="res://steve.tscn" id="1_buql4"]
[ext_resource type="PackedScene" uid="uid://dkggosxuwu1nw" path="res://block.tscn" id="1_cpq6m"]
[ext_resource type="Texture2D" uid="uid://dfft783pdkefd" path="res://icon.svg" id="3_uwewu"]
[ext_resource type="Script" path="res://icon.gd" id="4_sjxen"]
[ext_resource type="PackedScene" uid="uid://8lfwfqqar2t3" path="res://coin.tscn" id="5_lhyb3"]
[ext_resource type="PackedScene" uid="uid://cgyhbtmk6r8t1" path="res://cactus.tscn" id="6_kb8hh"]

[sub_resource type="StandardMaterial3D" id="StandardMaterial3D_yw687"]
albedo_color = Color(0.740931, 0.777896, 0.978677, 1)
metallic = 0.2
roughness = 0.6

[sub_resource type="BoxMesh" id="BoxMesh_1r3y6"]
material = SubResource("StandardMaterial3D_yw687")
size = Vector3(10, 0.5, 10)

[sub_resource type="BoxShape3D" id="BoxShape3D_fpqid"]
size = Vector3(10, 0.5, 10)

[sub_resource type="ProceduralSkyMaterial" id="ProceduralSkyMaterial_iq60r"]
sky_top_color = Color(0.276493, 0.444155, 0.726415, 1)
sky_horizon_color = Color(0.708616, 0.611505, 0.775137, 1)
ground_bottom_color = Color(0.0842445, 0.155824, 0.363194, 1)
ground_horizon_color = Color(0.724734, 0.612083, 0.731343, 1)

[sub_resource type="Sky" id="Sky_ydrj5"]
sky_material = SubResource("ProceduralSkyMaterial_iq60r")

[sub_resource type="Environment" id="Environment_s5oxd"]
background_mode = 2
sky = SubResource("Sky_ydrj5")

[node name="Level1" type="Node3D"]

[node name="Camera3D" type="Camera3D" parent="."]
transform = Transform3D(0.993037, 0.0542208, 0.104588, -0.0845774, 0.94613, 0.312546, -0.0820074, -0.319215, 0.944127, -0.345855, 3.53935, 7.06212)
fov = 102.469

[node name="Floor" type="StaticBody3D" parent="."]
transform = Transform3D(1, 0, 0, 0, 1, 0, 0, 0, 1, 0, -0.25, 0)
metadata/_edit_group_ = true

[node name="MeshInstance3D" type="MeshInstance3D" parent="Floor"]
mesh = SubResource("BoxMesh_1r3y6")

[node name="CollisionShape3D" type="CollisionShape3D" parent="Floor"]
shape = SubResource("BoxShape3D_fpqid")

[node name="DirectionalLight3D" type="DirectionalLight3D" parent="."]
transform = Transform3D(1, 0, 0, 0, 0.620423, 0.784268, 0, -0.784268, 0.620423, 0, 6.55524, 0)
shadow_enabled = true

[node name="Steve" parent="." instance=ExtResource("1_buql4")]
transform = Transform3D(1, 0, 0, 0, 1, 0, 0, 0, 1, -4.16778, 1.25312, -3.47394)

[node name="Blocks" type="Node3D" parent="."]

[node name="Block1" parent="Blocks" instance=ExtResource("1_cpq6m")]
transform = Transform3D(1, 0, 0, 0, 0.646177, 0.763187, 0, -0.763187, 0.646177, 0, 8.05908, 0)

[node name="Block2" parent="Blocks" instance=ExtResource("1_cpq6m")]
transform = Transform3D(-0.00143115, 0.497882, -0.867244, 0, 0.867245, 0.497882, 0.999999, 0.000712545, -0.00124116, 0, 9.2865, -1.05173)

[node name="Block3" parent="Blocks" instance=ExtResource("1_cpq6m")]
transform = Transform3D(1, 0, 0, 0, 0.191666, 0.98146, 0, -0.98146, 0.191666, 0, 8.39594, -2.37703)

[node name="Icon" type="Sprite3D" parent="."]
transform = Transform3D(1, 0, 0, 0, 1, 0, 0, 0, 1, 0, 0.875444, 0)
texture = ExtResource("3_uwewu")
script = ExtResource("4_sjxen")

[node name="Coin1" parent="." instance=ExtResource("5_lhyb3")]
transform = Transform3D(0.391245, 0, -0.920286, 0, 1, 0, 0.920286, 0, 0.391245, 3.21799, 1.20188, 0)

[node name="Cactus" parent="." instance=ExtResource("6_kb8hh")]
transform = Transform3D(0.69174, 0, -0.722147, 0, 1, 0, 0.722147, 0, 0.69174, -2.66424, 0, 3.00157)

[node name="WorldEnvironment" type="WorldEnvironment" parent="."]
environment = SubResource("Environment_s5oxd")
