[gd_scene load_steps=7 format=3 uid="uid://bn2j6r1qp6aap"]

[ext_resource type="PackedScene" uid="uid://i0h7p1oe8qwu" path="res://steve.tscn" id="1_buql4"]
[ext_resource type="PackedScene" uid="uid://dkggosxuwu1nw" path="res://block.tscn" id="1_cpq6m"]
[ext_resource type="Texture2D" uid="uid://dfft783pdkefd" path="res://icon.svg" id="3_uwewu"]
[ext_resource type="Script" path="res://icon.gd" id="4_sjxen"]

[sub_resource type="BoxMesh" id="BoxMesh_1r3y6"]
size = Vector3(10, 0.5, 10)

[sub_resource type="BoxShape3D" id="BoxShape3D_fpqid"]
size = Vector3(10, 0.5, 10)

[node name="level1" type="Node3D"]
transform = Transform3D(1, 0, 0, 0, 1, 0, 0, 0, 1, 0, 0, 0)

[node name="Camera3D" type="Camera3D" parent="."]
transform = Transform3D(0.993037, 0.0542208, 0.104588, -0.0845774, 0.94613, 0.312546, -0.0820074, -0.319215, 0.944127, -0.345855, 3.53935, 7.06212)
fov = 102.469

[node name="floor" type="StaticBody3D" parent="."]
transform = Transform3D(1, 0, 0, 0, 1, 0, 0, 0, 1, 0, -0.25, 0)
metadata/_edit_group_ = true

[node name="MeshInstance3D" type="MeshInstance3D" parent="floor"]
mesh = SubResource("BoxMesh_1r3y6")

[node name="CollisionShape3D" type="CollisionShape3D" parent="floor"]
shape = SubResource("BoxShape3D_fpqid")

[node name="DirectionalLight3D" type="DirectionalLight3D" parent="."]
transform = Transform3D(1, 0, 0, 0, 0.620423, 0.784268, 0, -0.784268, 0.620423, 0, 6.55524, 0)
shadow_enabled = true

[node name="steve" parent="." instance=ExtResource("1_buql4")]
transform = Transform3D(1, 0, 0, 0, 1, 0, 0, 0, 1, -4.16778, 1.25312, -3.47394)

[node name="blocks" type="Node3D" parent="."]

[node name="block1" parent="blocks" instance=ExtResource("1_cpq6m")]
transform = Transform3D(1, 0, 0, 0, 0.646177, 0.763187, 0, -0.763187, 0.646177, 0, 8.05908, 0)

[node name="block2" parent="blocks" instance=ExtResource("1_cpq6m")]
transform = Transform3D(-0.00143115, 0.497882, -0.867244, 0, 0.867245, 0.497882, 0.999999, 0.000712545, -0.00124116, 0, 9.2865, -1.05173)

[node name="block3" parent="blocks" instance=ExtResource("1_cpq6m")]
transform = Transform3D(1, 0, 0, 0, 0.191666, 0.98146, 0, -0.98146, 0.191666, 0, 8.39594, -2.37703)

[node name="icon" type="Sprite3D" parent="."]
transform = Transform3D(1, 0, 0, 0, 1, 0, 0, 0, 1, 0, 0.875444, 0)
texture = ExtResource("3_uwewu")
script = ExtResource("4_sjxen")
