[gd_scene load_steps=16 format=3 uid="uid://bn2j6r1qp6aap"]

[ext_resource type="PackedScene" uid="uid://i0h7p1oe8qwu" path="res://steve.tscn" id="1_buql4"]
[ext_resource type="PackedScene" uid="uid://dkggosxuwu1nw" path="res://block.tscn" id="1_cpq6m"]
[ext_resource type="Script" path="res://level_1.gd" id="1_r7x4k"]
[ext_resource type="Texture2D" uid="uid://dfft783pdkefd" path="res://icon.svg" id="3_uwewu"]
[ext_resource type="Script" path="res://icon.gd" id="4_sjxen"]
[ext_resource type="PackedScene" uid="uid://8lfwfqqar2t3" path="res://coin.tscn" id="5_lhyb3"]
[ext_resource type="PackedScene" uid="uid://cgyhbtmk6r8t1" path="res://cactus.tscn" id="6_kb8hh"]
[ext_resource type="Environment" uid="uid://cvip7j4b6eny1" path="res://Resources/level_1_environment.tres" id="7_0ua65"]
[ext_resource type="MeshLibrary" uid="uid://d2qyn1kmk8f00" path="res://Resources/world-blocks-v1.tres" id="8_fu2rh"]
[ext_resource type="PackedScene" uid="uid://dbql4242x4j7y" path="res://hud.tscn" id="10_afhqr"]
[ext_resource type="PackedScene" uid="uid://cmnme61fhtyut" path="res://trebuchet.tscn" id="11_ye25v"]
[ext_resource type="PackedScene" uid="uid://b121cwht54ife" path="res://gravity_switch.tscn" id="12_t7kes"]

[sub_resource type="BoxShape3D" id="BoxShape3D_atwe6"]
size = Vector3(80.2613, 8, 116.36)

[sub_resource type="BoxMesh" id="BoxMesh_ilj3m"]
size = Vector3(5.31, 9.23, 1)

[sub_resource type="ConcavePolygonShape3D" id="ConcavePolygonShape3D_3usx7"]
data = PackedVector3Array(-2.655, 4.615, 0.5, 2.655, 4.615, 0.5, -2.655, -4.615, 0.5, 2.655, 4.615, 0.5, 2.655, -4.615, 0.5, -2.655, -4.615, 0.5, 2.655, 4.615, -0.5, -2.655, 4.615, -0.5, 2.655, -4.615, -0.5, -2.655, 4.615, -0.5, -2.655, -4.615, -0.5, 2.655, -4.615, -0.5, 2.655, 4.615, 0.5, 2.655, 4.615, -0.5, 2.655, -4.615, 0.5, 2.655, 4.615, -0.5, 2.655, -4.615, -0.5, 2.655, -4.615, 0.5, -2.655, 4.615, -0.5, -2.655, 4.615, 0.5, -2.655, -4.615, -0.5, -2.655, 4.615, 0.5, -2.655, -4.615, 0.5, -2.655, -4.615, -0.5, 2.655, 4.615, 0.5, -2.655, 4.615, 0.5, 2.655, 4.615, -0.5, -2.655, 4.615, 0.5, -2.655, 4.615, -0.5, 2.655, 4.615, -0.5, -2.655, -4.615, 0.5, 2.655, -4.615, 0.5, -2.655, -4.615, -0.5, 2.655, -4.615, 0.5, 2.655, -4.615, -0.5, -2.655, -4.615, -0.5)

[node name="Level1" type="Node3D"]
script = ExtResource("1_r7x4k")

[node name="HUD" parent="." instance=ExtResource("10_afhqr")]

[node name="DirectionalLight3D" type="DirectionalLight3D" parent="."]
transform = Transform3D(1, 0, 0, 0, 0.620423, 0.784268, 0, -0.784268, 0.620423, 0, 6.55524, 0)
shadow_enabled = true

[node name="Steve" parent="." instance=ExtResource("1_buql4")]
transform = Transform3D(-4.37114e-08, 0, -1, 0, 1, 0, 1, 0, -4.37114e-08, -0.32218, 1.30941, -6.55278)

[node name="Blocks" type="Node3D" parent="."]

[node name="Block1" parent="Blocks" instance=ExtResource("1_cpq6m")]
transform = Transform3D(1, 0, 0, 0, 0.646177, 0.763187, 0, -0.763187, 0.646177, 0, 8.05908, 0)

[node name="Block2" parent="Blocks" instance=ExtResource("1_cpq6m")]
transform = Transform3D(-0.00143115, 0.497882, -0.867244, 0, 0.867245, 0.497882, 0.999999, 0.000712545, -0.00124116, 0, 9.2865, -1.05173)

[node name="Block3" parent="Blocks" instance=ExtResource("1_cpq6m")]
transform = Transform3D(1, 0, 0, 0, 0.191666, 0.98146, 0, -0.98146, 0.191666, 0, 8.39594, -2.37703)

[node name="Icon" type="Sprite3D" parent="."]
transform = Transform3D(1, 0, 0, 0, 1, 0, 0, 0, 1, 0, 0.875444, 0)
texture = ExtResource("3_uwewu")
script = ExtResource("4_sjxen")

[node name="Cactus" parent="." instance=ExtResource("6_kb8hh")]
transform = Transform3D(0.69174, 0, -0.722147, 0, 1, 0, 0.722147, 0, 0.69174, -2.66424, 0, 3.00157)

[node name="WorldEnvironment" type="WorldEnvironment" parent="."]
environment = ExtResource("7_0ua65")

[node name="GridMap" type="GridMap" parent="."]
mesh_library = ExtResource("8_fu2rh")
collision_layer = 2
collision_mask = 13
data = {
"cells": PackedInt32Array(-4, 1, 0, -4, 2, 655365, -4, 3, 655365, -4, 4, 1441798, -3, 1, 0, -3, 2, 0, -3, 3, 0, -3, 4, 1441797, -2, 65532, 655366, -2, 65533, 655365, -2, 65534, 655365, -2, 65535, 655365, -2, 0, 0, -2, 1, 0, -2, 2, 0, -2, 3, 0, -2, 4, 1441797, -1, 65532, 1048581, -1, 65533, 0, -1, 65534, 0, -1, 65535, 0, -1, 0, 0, -1, 1, 0, -1, 2, 0, -1, 3, 0, -1, 4, 1441797, -65536, 65532, 1048581, -65536, 65533, 0, -65536, 65534, 0, -65536, 65535, 0, -65536, 0, 0, -65536, 1, 0, -65536, 2, 0, -65536, 3, 0, -65536, 4, 0, -65535, 65532, 1048581, -65535, 65533, 0, -65535, 65534, 0, -65535, 65535, 0, -65535, 0, 0, -65535, 1, 0, -65535, 2, 0, -65535, 3, 0, -65535, 4, 0, -65534, 65532, 1048581, -65534, 65533, 0, -65534, 65534, 0, -65534, 65535, 0, -65534, 0, 0, -65534, 1, 0, -65534, 2, 0, -65534, 3, 0, -65534, 4, 0, -65533, 65532, 1048581, -65533, 65533, 0, -65533, 65534, 0, -65533, 65535, 0, -65533, 0, 0, -65533, 1, 0, -65533, 2, 0, -65533, 3, 0, -65533, 4, 0, -65532, 65532, 1048581, -65532, 65533, 0, -65532, 65534, 0, -65532, 65535, 0, -65532, 0, 0, -65532, 1, 0, -65532, 2, 0, -65532, 3, 5, -65532, 4, 5, -65531, 65533, 1048576, -65531, 65534, 0, -65531, 65535, 0, -65531, 0, 0, -65531, 1, 0, -65531, 2, 1441797, -5, 65533, 655366, -5, 65534, 5, -7, 65534, 655366, -6, 65534, 0, -6, 65535, 1441798, -5, 65535, 5, -5, 0, 5, -65530, 2, 6, -65530, 1, 0, -65530, 0, 5, -65530, 65535, 5, -65530, 65534, 5, -65530, 65533, 5, -65531, 65532, 1048581, -65530, 65532, 1048582, -65532, 5, 6, -65533, 5, 1441797, -65534, 5, 1441797, -65535, 5, 1441797, -65536, 5, 1441798, -3, 0, 655366, -5, 1, 1441798, -65529, 1, 0, 7, 1, 655361, 6, 1, 655362, 8, 1, 1441797, 9, 1, 1441797, 10, 1, 6, 9, 0, 655360, 9, 65535, 655360, 9, 65534, 655360, 10, 65534, 655360, 10, 65535, 5, 10, 0, 5, 65545, 65534, 655364, 65545, 65535, 2, 65546, 65534, 1441794, 65546, 65533, 1441793, 65545, 65533, 1441793, 65544, 65534, 1, 65544, 65535, 1, 65545, 65532, 655360, 65546, 65532, 5, 65543, 65535, 655360, 65543, 65534, 655360, 65543, 65533, 655360, 65543, 65532, 655365, 65543, 65531, 655365, 65543, 65530, 655360, 65546, 65531, 5, 65545, 65531, 655360, 65546, 65530, 5, 65546, 65529, 5, 65545, 65529, 655360, 65544, 65529, 655360, 65543, 65529, 655360, 65543, 65528, 655363, 65544, 65528, 655363, 65545, 65528, 655363, 131078, 65535, 2, 131078, 65534, 2, 131078, 65533, 2, 131078, 65530, 2, 131078, 65529, 2, 131077, 65529, 1, 131077, 65530, 1, 131077, 65533, 1, 131077, 65534, 1, 131077, 65535, 1, 131076, 65529, 0, 131076, 65530, 0, 131076, 65531, 0, 131076, 65532, 0, 131076, 65533, 0, 131076, 65534, 0, 131076, 65535, 0, 65540, 65535, 524288, 65540, 65534, 524288, 65540, 65533, 524288, 65540, 65532, 524288, 65540, 65531, 1179649, 65540, 65530, 1179650, 327684, 65528, 131072, 327684, 65527, 131072, 327684, 65526, 131072, 327685, 65529, 131072, 327685, 65528, 131072, 327685, 65527, 131072, 327685, 65526, 131072, 327683, 65526, 131072, 327683, 65527, 131072, 327683, 65529, 131072, 327683, 65528, 131072, 327684, 65529, 131072, 327683, 65516, 131072, 327683, 65517, 131072, 327683, 65518, 131072, 327683, 65519, 131072, 327684, 65516, 131072, 327684, 65517, 131072, 327684, 65518, 131072, 327684, 65519, 131072, 327685, 65516, 131072, 327685, 65517, 131072, 327685, 65518, 131072, 327685, 65519, 131072, 327686, 65518, 131072, 327682, 65518, 131072, 327686, 65517, 131072, 327682, 65517, 131072, 327682, 65516, 131072, 327686, 65516, 131072, 65534, 3, 655363, 65534, 2, 655363, 65535, 2, 655363, 0, 2, 655363, 0, 3, 655363, 65535, 3, 655363, 0, 65534, 655363, 1, 65534, 655363, 393213, 6, 0, 393212, 6, 0, 393211, 6, 0, 393211, 5, 0, 393212, 5, 0, 393213, 5, 0, 393213, 4, 0, 393212, 4, 0, 393211, 4, 0, 393211, 3, 0, 393212, 3, 0, 393213, 3, 0, 393213, 2, 0, 393212, 2, 0, 393211, 2, 0, 393214, 3, 0, 393214, 4, 0, 393214, 5, 0, 393214, 2, 0, 393215, 2, 0, 393215, 3, 0, 393215, 4, 0, 393215, 5, 0)
}
metadata/_editor_floor_ = Vector3(4, 5, 0)

[node name="FallZone" type="Area3D" parent="."]
transform = Transform3D(1, 0, 0, 0, 1, 0, 0, 0, 1, 0, -20.2533, 0)
collision_layer = 16

[node name="CollisionShape3D" type="CollisionShape3D" parent="FallZone"]
shape = SubResource("BoxShape3D_atwe6")

[node name="Coins" type="Node3D" parent="."]

[node name="Coin1" parent="Coins" node_paths=PackedStringArray("hud") instance=ExtResource("5_lhyb3")]
transform = Transform3D(0.391245, 0, -0.920286, 0, 1, 0, 0.920286, 0, 0.391245, 3.21799, 1.62237, 0)
hud = NodePath("../../HUD")

[node name="Coin5" parent="Coins" node_paths=PackedStringArray("hud") instance=ExtResource("5_lhyb3")]
transform = Transform3D(0.391245, 0, -0.920286, 0, 1, 0, 0.920286, 0, 0.391245, 9.21799, 6.62237, -1)
hud = NodePath("../../HUD")

[node name="Coin6" parent="Coins" node_paths=PackedStringArray("hud") instance=ExtResource("5_lhyb3")]
transform = Transform3D(0.391245, 0, -0.920286, 0, 1, 0, 0.920286, 0, 0.391245, 9.21799, 6.62237, -3)
hud = NodePath("../../HUD")

[node name="Coin7" parent="Coins" node_paths=PackedStringArray("hud") instance=ExtResource("5_lhyb3")]
transform = Transform3D(0.391245, 0, -0.920286, 0, 1, 0, 0.920286, 0, 0.391245, 9.21799, 6.62237, -5)
hud = NodePath("../../HUD")

[node name="Coin8" parent="Coins" node_paths=PackedStringArray("hud") instance=ExtResource("5_lhyb3")]
transform = Transform3D(0.391245, 0, -0.920286, 0, 1, 0, 0.920286, 0, 0.391245, 9.21799, 8.62237, -13)
hud = NodePath("../../HUD")

[node name="Coin2" parent="Coins" node_paths=PackedStringArray("hud") instance=ExtResource("5_lhyb3")]
transform = Transform3D(0.391245, 0, -0.920286, 0, 1, 0, 0.920286, 0, 0.391245, 0.980722, 2.62237, 6.87314)
hud = NodePath("../../HUD")

[node name="Coin4" parent="Coins" node_paths=PackedStringArray("hud") instance=ExtResource("5_lhyb3")]
transform = Transform3D(0.391245, 0, -0.920286, 0, 1, 0, 0.920286, 0, 0.391245, -3.01928, 2.62237, 6.87314)
hud = NodePath("../../HUD")

[node name="Coin3" parent="Coins" node_paths=PackedStringArray("hud") instance=ExtResource("5_lhyb3")]
transform = Transform3D(0.391245, 0, -0.920286, 0, 1, 0, 0.920286, 0, 0.391245, -1.01928, 2.62237, 6.87314)
hud = NodePath("../../HUD")

[node name="Trebuchet" parent="." instance=ExtResource("11_ye25v")]
transform = Transform3D(1, 0, 0, 0, 1, 0, 0, 0, 1, 5, 0, 1)

[node name="Wall" type="StaticBody3D" parent="."]
transform = Transform3D(1, 0, 0, 0, 0.981777, 0.190038, 0, -0.190038, 0.981777, 4.89691, 8.08611, -8.88679)
collision_layer = 4
collision_mask = 5
metadata/_edit_group_ = true

[node name="MeshInstance3D" type="MeshInstance3D" parent="Wall"]
mesh = SubResource("BoxMesh_ilj3m")

[node name="CollisionShape3D" type="CollisionShape3D" parent="Wall"]
shape = SubResource("ConcavePolygonShape3D_3usx7")

[node name="SpotLight3D" type="SpotLight3D" parent="."]
transform = Transform3D(1, 0, 0, 0, 0.256272, 0.966605, 0, -0.966605, 0.256272, 5.13536, 6.475, 8.0937)
light_color = Color(2, 2, 0.694, 1)
light_energy = 9.09
light_indirect_energy = 8.412
shadow_enabled = true
spot_range = 7.34
spot_angle = 44.31

[node name="GravitySwitch" parent="." instance=ExtResource("12_t7kes")]
transform = Transform3D(1, 0, 0, 0, 1, 0, 0, 0, 1, -5.82254, -0.199, 6.96117)

[connection signal="body_entered" from="FallZone" to="Steve" method="_on_fall_zone_body_entered"]
